0 0.484375 0.39166666666666666 0.033203125 0.07222222222222222
0 0.51904296875 0.5703703703703704 0.0263671875 0.07777777777777778
0 0.50439453125 0.8675925925925926 0.0263671875 0.09814814814814815
0 0.5546875 0.5074074074074074 0.0234375 0.07777777777777778
0 0.58056640625 0.49537037037037035 0.0244140625 0.07222222222222222
0 0.55078125 0.587037037037037 0.0234375 0.07037037037037037
0 0.55859375 0.6990740740740741 0.0234375 0.09074074074074075
0 0.5595703125 0.8481481481481481 0.025390625 0.1
0 0.69384765625 0.3111111111111111 0.0400390625 0.04814814814814815
0 0.0224609375 0.046296296296296294 0.044921875 0.05185185185185185
