0 0.53076171875 0.8037037037037037 0.0400390625 0.09259259259259259
0 0.50048828125 0.649074074074074 0.0283203125 0.07962962962962963
0 0.22412109375 0.3962962962962963 0.0517578125 0.04814814814814815
0 0.3818359375 0.36203703703703705 0.04296875 0.053703703703703705
0 0.38232421875 0.42962962962962964 0.0458984375 0.05185185185185185
0 0.5224609375 0.5685185185185185 0.03515625 0.07407407407407407
0 0.54345703125 0.5416666666666666 0.0361328125 0.07222222222222222
0 0.5390625 0.6509259259259259 0.03515625 0.07592592592592592
0 0.44384765625 0.5407407407407407 0.0419921875 0.07037037037037037
0 0.46484375 0.5046296296296297 0.04296875 0.06851851851851852
0 0.57275390625 0.7555555555555555 0.0419921875 0.08518518518518518
0 0.6142578125 0.9305555555555556 0.04296875 0.10555555555555556
0 0.84375 0.23148148148148148 0.03515625 0.044444444444444446
