0 0.48291015625 0.3925925925925926 0.0322265625 0.07407407407407407
0 0.51708984375 0.5722222222222222 0.0263671875 0.07777777777777778
0 0.50244140625 0.8731481481481481 0.0263671875 0.09814814814814815
0 0.5537109375 0.5074074074074074 0.0234375 0.07777777777777778
0 0.57861328125 0.49537037037037035 0.0244140625 0.07222222222222222
0 0.5498046875 0.587037037037037 0.0234375 0.07037037037037037
0 0.556640625 0.6990740740740741 0.0234375 0.09074074074074075
0 0.55712890625 0.8462962962962963 0.0244140625 0.1
0 0.69091796875 0.3111111111111111 0.0400390625 0.04814814814814815
0 0.0224609375 0.046296296296296294 0.044921875 0.05185185185185185
