0 0.5029296875 0.6657407407407407 0.041015625 0.08333333333333333
0 0.56640625 0.9296296296296296 0.046875 0.1
0 0.47900390625 0.5453703703703704 0.0263671875 0.06851851851851852
0 0.91552734375 0.1712962962962963 0.0302734375 0.03518518518518519
2 0.96533203125 0.12314814814814815 0.0380859375 0.05740740740740741
0 0.125 0.48055555555555557 0.052734375 0.053703703703703705
0 0.31640625 0.3972222222222222 0.044921875 0.046296296296296294
0 0.30859375 0.45555555555555555 0.048828125 0.044444444444444446
0 0.52978515625 0.5879629629629629 0.0361328125 0.07962962962962963
0 0.54833984375 0.5564814814814815 0.0361328125 0.07222222222222222
0 0.5546875 0.6694444444444444 0.037109375 0.07222222222222222
0 0.40771484375 0.5009259259259259 0.0458984375 0.05740740740740741
0 0.419921875 0.45740740740740743 0.044921875 0.05185185185185185
0 0.59521484375 0.7666666666666667 0.0419921875 0.08518518518518518
0 0.65380859375 0.9305555555555556 0.0498046875 0.10185185185185185
0 0.861328125 0.16574074074074074 0.029296875 0.04259259259259259
