1 0.1533203125 0.33240740740740743 0.103515625 0.08333333333333333
0 0.26806640625 0.46296296296296297 0.0400390625 0.044444444444444446
0 0.39697265625 0.4925925925925926 0.0400390625 0.05925925925925926
0 0.55029296875 0.3287037037037037 0.0302734375 0.04259259259259259
0 0.71044921875 0.31296296296296294 0.0302734375 0.037037037037037035
2 0.77587890625 0.275 0.0419921875 0.05740740740740741
0 0.4599609375 0.5777777777777777 0.0390625 0.07407407407407407
0 0.53125 0.5907407407407408 0.03515625 0.07037037037037037
0 0.5478515625 0.5583333333333333 0.03515625 0.06481481481481481
0 0.55419921875 0.6638888888888889 0.0361328125 0.06481481481481481
0 0.12109375 0.4898148148148148 0.048828125 0.03888888888888889
0 0.11669921875 0.4462962962962963 0.0478515625 0.037037037037037035
0 0.595703125 0.7564814814814815 0.0390625 0.07962962962962963
0 0.6689453125 0.9490740740740741 0.05078125 0.09444444444444444
