0 0.37744140625 0.39166666666666666 0.0517578125 0.08333333333333333
0 0.23486328125 0.11851851851851852 0.0244140625 0.044444444444444446
0 0.26220703125 0.30833333333333335 0.0439453125 0.06851851851851852
0 0.20751953125 0.11296296296296296 0.0244140625 0.03333333333333333
0 0.2783203125 0.19166666666666668 0.0390625 0.046296296296296294
0 0.74365234375 0.4527777777777778 0.0869140625 0.08333333333333333
0 0.45263671875 0.4583333333333333 0.0869140625 0.08333333333333333
0 0.30126953125 0.45185185185185184 0.0595703125 0.08888888888888889
0 0.5693359375 0.3731481481481482 0.072265625 0.07592592592592592
0 0.67138671875 0.36574074074074076 0.0654296875 0.08333333333333333
0 0.05419921875 0.7564814814814815 0.1083984375 0.1685185185185185
