0 0.85009765625 0.30277777777777776 0.0810546875 0.06481481481481481
0 0.12841796875 0.8944444444444445 0.1923828125 0.2074074074074074
0 0.7958984375 0.9231481481481482 0.09765625 0.15
0 0.68310546875 0.7324074074074074 0.1220703125 0.20555555555555555
0 0.04541015625 0.5111111111111111 0.0888671875 0.1037037037037037
0 0.29638671875 0.33425925925925926 0.0986328125 0.08333333333333333
0 0.33203125 0.19166666666666668 0.03515625 0.06851851851851852
0 0.11083984375 0.32314814814814813 0.0908203125 0.06851851851851852
0 0.3203125 0.16203703703703703 0.01953125 0.027777777777777776
0 0.16357421875 0.3333333333333333 0.0947265625 0.07407407407407407
0 0.4130859375 0.25092592592592594 0.080078125 0.06111111111111111
