0 0.41552734375 0.7888888888888889 0.0322265625 0.08518518518518518
0 0.53173828125 0.6824074074074075 0.0322265625 0.06111111111111111
0 0.2998046875 0.5009259259259259 0.04296875 0.046296296296296294
0 0.5400390625 0.47962962962962963 0.04296875 0.044444444444444446
0 0.623046875 0.45740740740740743 0.041015625 0.037037037037037035
0 0.10107421875 0.45092592592592595 0.0498046875 0.03888888888888889
0 0.21435546875 0.4027777777777778 0.0361328125 0.03888888888888889
0 0.25927734375 0.375 0.0283203125 0.03888888888888889
0 0.32470703125 0.337037037037037 0.0185546875 0.03333333333333333
0 0.16259765625 0.4324074074074074 0.0380859375 0.03888888888888889
0 0.568359375 0.46111111111111114 0.03125 0.03333333333333333
