0 0.40966796875 0.7685185185185185 0.0322265625 0.08518518518518518
0 0.501953125 0.674074074074074 0.02734375 0.05925925925925926
0 0.26611328125 0.4824074074074074 0.0439453125 0.046296296296296294
0 0.53564453125 0.44814814814814813 0.0439453125 0.040740740740740744
0 0.611328125 0.42777777777777776 0.0390625 0.037037037037037035
0 0.10009765625 0.4305555555555556 0.0498046875 0.03888888888888889
0 0.205078125 0.38333333333333336 0.03515625 0.040740740740740744
0 0.251953125 0.35648148148148145 0.02734375 0.03888888888888889
0 0.31298828125 0.31666666666666665 0.0185546875 0.03333333333333333
0 0.15966796875 0.41388888888888886 0.0380859375 0.04259259259259259
