0 0.41162109375 0.775 0.0322265625 0.08333333333333333
0 0.509765625 0.6777777777777778 0.02734375 0.05925925925925926
0 0.27587890625 0.487962962962963 0.0439453125 0.046296296296296294
0 0.53759765625 0.4564814814814815 0.0439453125 0.03888888888888889
0 0.61474609375 0.43703703703703706 0.0400390625 0.037037037037037035
0 0.10205078125 0.4361111111111111 0.0498046875 0.03888888888888889
0 0.20703125 0.38981481481481484 0.03515625 0.03888888888888889
0 0.25390625 0.36018518518518516 0.02734375 0.03888888888888889
0 0.3173828125 0.32222222222222224 0.01953125 0.03333333333333333
0 0.15966796875 0.41944444444444445 0.0380859375 0.03888888888888889
