0 0.38427734375 0.4046296296296296 0.0517578125 0.08703703703703704
0 0.2431640625 0.125 0.025390625 0.046296296296296294
0 0.2646484375 0.30648148148148147 0.044921875 0.06851851851851852
0 0.19384765625 0.06018518518518518 0.0224609375 0.03148148148148148
0 0.21337890625 0.11666666666666667 0.0244140625 0.03333333333333333
0 0.08984375 0.4740740740740741 0.083984375 0.1
0 0.29150390625 0.19722222222222222 0.0400390625 0.046296296296296294
0 0.701171875 0.46296296296296297 0.08984375 0.08518518518518518
0 0.47900390625 0.4444444444444444 0.0830078125 0.08148148148148149
0 0.3017578125 0.46574074074074073 0.0625 0.09074074074074075
0 0.60107421875 0.3527777777777778 0.0673828125 0.07592592592592592
0 0.70166015625 0.3472222222222222 0.0615234375 0.08333333333333333
