0 0.3017578125 0.46574074074074073 0.119140625 0.12777777777777777
0 0.9052734375 0.4203703703703704 0.087890625 0.1
0 0.39599609375 0.275 0.0419921875 0.08333333333333333
0 0.92236328125 0.29907407407407405 0.0732421875 0.07592592592592592
0 0.53857421875 0.30277777777777776 0.0888671875 0.08333333333333333
0 0.28662109375 0.2101851851851852 0.0458984375 0.06851851851851852
0 0.34033203125 0.14722222222222223 0.0439453125 0.05
0 0.35595703125 0.21388888888888888 0.0458984375 0.06481481481481481
0 0.8056640625 0.18333333333333332 0.056640625 0.06296296296296296
0 0.6611328125 0.2 0.05859375 0.05555555555555555
0 0.548828125 0.4685185185185185 0.1171875 0.12222222222222222
0 0.0712890625 0.5740740740740741 0.142578125 0.14814814814814814
