0 0.32177734375 0.937037037037037 0.0400390625 0.11851851851851852
0 0.427734375 0.3712962962962963 0.017578125 0.03888888888888889
0 0.29248046875 0.3425925925925926 0.0205078125 0.044444444444444446
0 0.47705078125 0.7805555555555556 0.0361328125 0.09074074074074075
0 0.5625 0.9416666666666667 0.0390625 0.10185185185185185
0 0.32861328125 0.24814814814814815 0.0244140625 0.025925925925925925
0 0.58154296875 0.24351851851851852 0.0341796875 0.03148148148148148
0 0.31201171875 0.21851851851851853 0.0283203125 0.02962962962962963
0 0.3701171875 0.20462962962962963 0.021484375 0.027777777777777776
0 0.34375 0.2111111111111111 0.0234375 0.02962962962962963
