0 0.40087890625 0.43425925925925923 0.0556640625 0.09814814814814815
0 0.291015625 0.1712962962962963 0.03515625 0.053703703703703705
0 0.28076171875 0.2898148148148148 0.0458984375 0.06851851851851852
0 0.23095703125 0.08796296296296297 0.0244140625 0.03148148148148148
0 0.2490234375 0.15092592592592594 0.029296875 0.04259259259259259
0 0.396484375 0.36944444444444446 0.08203125 0.07962962962962963
0 0.369140625 0.22777777777777777 0.052734375 0.05185185185185185
0 0.53076171875 0.5148148148148148 0.1005859375 0.1
0 0.615234375 0.3731481481481482 0.072265625 0.06851851851851852
0 0.9541015625 0.43425925925925923 0.068359375 0.07962962962962963
0 0.87646484375 0.39814814814814814 0.0673828125 0.07777777777777778
0 0.76318359375 0.5814814814814815 0.0986328125 0.10740740740740741
0 0.25634765625 0.5564814814814815 0.1083984375 0.13518518518518519
0 0.748046875 0.2935185185185185 0.05859375 0.06851851851851852
0 0.82861328125 0.2898148148148148 0.0537109375 0.06851851851851852
