0 0.37451171875 0.3861111111111111 0.0517578125 0.08333333333333333
0 0.23291015625 0.11481481481481481 0.0244140625 0.044444444444444446
0 0.26025390625 0.3101851851851852 0.0439453125 0.06851851851851852
0 0.20556640625 0.1111111111111111 0.0244140625 0.03333333333333333
0 0.2734375 0.18888888888888888 0.0390625 0.044444444444444446
0 0.75732421875 0.44907407407407407 0.0849609375 0.08333333333333333
0 0.44384765625 0.4638888888888889 0.0869140625 0.08333333333333333
0 0.30224609375 0.4462962962962963 0.0576171875 0.08888888888888889
0 0.55908203125 0.3768518518518518 0.0732421875 0.07592592592592592
0 0.6611328125 0.37037037037037035 0.06640625 0.08518518518518518
0 0.060546875 0.7555555555555555 0.12109375 0.16666666666666666
