0 0.3857421875 0.4888888888888889 0.0859375 0.11481481481481481
0 0.3515625 0.2462962962962963 0.041015625 0.06666666666666667
0 0.0458984375 0.549074074074074 0.091796875 0.09814814814814815
0 0.28857421875 0.28055555555555556 0.0458984375 0.06851851851851852
0 0.27978515625 0.13518518518518519 0.0283203125 0.040740740740740744
0 0.29736328125 0.20092592592592592 0.0361328125 0.053703703703703705
0 0.63037109375 0.2898148148148148 0.0595703125 0.06481481481481481
0 0.49169921875 0.25092592592592594 0.0615234375 0.053703703703703705
0 0.8671875 0.4083333333333333 0.078125 0.08333333333333333
0 0.30078125 0.6064814814814815 0.1328125 0.10925925925925926
0 0.80908203125 0.29907407407407405 0.0556640625 0.06111111111111111
0 0.52490234375 0.6601851851851852 0.1220703125 0.12407407407407407
0 0.27685546875 0.7037037037037037 0.1435546875 0.13333333333333333
0 0.083984375 0.9203703703703704 0.16796875 0.15555555555555556
0 0.06494140625 0.7157407407407408 0.1259765625 0.1537037037037037
0 0.93212890625 0.2175925925925926 0.0498046875 0.05
0 0.9755859375 0.22962962962962963 0.044921875 0.06666666666666667
