0 0.38037109375 0.3962962962962963 0.0517578125 0.08518518518518518
0 0.23779296875 0.12037037037037036 0.0244140625 0.044444444444444446
0 0.26318359375 0.30833333333333335 0.0439453125 0.06851851851851852
0 0.20947265625 0.11481481481481481 0.0244140625 0.03333333333333333
0 0.2822265625 0.1935185185185185 0.0390625 0.046296296296296294
0 0.7294921875 0.4564814814814815 0.087890625 0.08333333333333333
0 0.46142578125 0.4546296296296296 0.0849609375 0.08333333333333333
0 0.30126953125 0.45740740740740743 0.0595703125 0.08888888888888889
0 0.580078125 0.36574074074074076 0.0703125 0.07592592592592592
0 0.681640625 0.36018518518518516 0.064453125 0.08333333333333333
0 0.0478515625 0.7657407407407407 0.087890625 0.1425925925925926
