0 0.45068359375 0.5064814814814815 0.0185546875 0.03888888888888889
0 0.390625 0.9361111111111111 0.064453125 0.09444444444444444
0 0.55810546875 0.7287037037037037 0.0615234375 0.046296296296296294
0 0.02685546875 0.6675925925925926 0.0537109375 0.05740740740740741
0 0.111328125 0.675 0.056640625 0.06481481481481481
0 0.248046875 0.5342592592592592 0.041015625 0.05
0 0.32666015625 0.5592592592592592 0.0263671875 0.05925925925925926
0 0.11279296875 0.6361111111111111 0.0595703125 0.053703703703703705
0 0.455078125 0.7379629629629629 0.056640625 0.053703703703703705
1 0.541015625 0.337037037037037 0.025390625 0.07407407407407407
