2 0.37890625 0.6462962962962963 0.02734375 0.0962962962962963
0 0.5849609375 0.6277777777777778 0.0234375 0.08148148148148149
2 0.38623046875 0.19074074074074074 0.0263671875 0.10740740740740741
0 0.6162109375 0.17777777777777778 0.0234375 0.07407407407407407
0 0.5732421875 0.21388888888888888 0.021484375 0.06851851851851852
0 0.357421875 0.11203703703703703 0.01953125 0.07592592592592592
0 0.3701171875 0.04722222222222222 0.01953125 0.06851851851851852
2 0.39208984375 0.05462962962962963 0.0224609375 0.08703703703703704
2 0.6884765625 0.8851851851851852 0.0390625 0.17037037037037037
0 0.46240234375 0.10092592592592593 0.0185546875 0.07962962962962963
