2 0.28857421875 0.9064814814814814 0.0634765625 0.053703703703703705
0 0.197265625 0.9564814814814815 0.04296875 0.03518518518518519
0 0.16162109375 0.9305555555555556 0.0439453125 0.03888888888888889
2 0.22509765625 0.8898148148148148 0.0517578125 0.046296296296296294
2 0.6298828125 0.39537037037037037 0.078125 0.05740740740740741
0 0.44921875 0.5472222222222223 0.03515625 0.03148148148148148
0 0.27783203125 0.7527777777777778 0.0439453125 0.03518518518518519
2 0.13134765625 0.8824074074074074 0.1357421875 0.07222222222222222
0 0.07958984375 0.9527777777777777 0.0224609375 0.07222222222222222
0 0.1689453125 0.7472222222222222 0.04296875 0.03888888888888889
0 0.85205078125 0.9009259259259259 0.0517578125 0.046296296296296294
0 0.08935546875 0.7416666666666667 0.0400390625 0.03888888888888889
0 0.9697265625 0.9629629629629629 0.044921875 0.044444444444444446
0 0.67529296875 0.5583333333333333 0.0400390625 0.03888888888888889
0 0.7431640625 0.7731481481481481 0.041015625 0.03518518518518519
0 0.0556640625 0.9444444444444444 0.0234375 0.07037037037037037
0 0.00830078125 0.9351851851851852 0.0166015625 0.07407407407407407
0 0.0517578125 0.21296296296296297 0.1015625 0.42592592592592593
