0 0.142578125 0.5231481481481481 0.041015625 0.03888888888888889
2 0.22802734375 0.912962962962963 0.0634765625 0.05925925925925926
0 0.13818359375 0.95 0.0439453125 0.044444444444444446
0 0.10595703125 0.9175925925925926 0.0439453125 0.03888888888888889
2 0.15966796875 0.8824074074074074 0.0517578125 0.05
2 0.58544921875 0.4361111111111111 0.0771484375 0.06111111111111111
0 0.5390625 0.5935185185185186 0.0390625 0.03888888888888889
0 0.10986328125 0.7240740740740741 0.0400390625 0.037037037037037035
2 0.060546875 0.8574074074074074 0.12109375 0.09259259259259259
0 0.02099609375 0.9268518518518518 0.0283203125 0.07222222222222222
0 0.03564453125 0.7342592592592593 0.0439453125 0.04259259259259259
0 0.63525390625 0.9638888888888889 0.0517578125 0.046296296296296294
0 0.70458984375 0.6305555555555555 0.0400390625 0.03888888888888889
0 0.443359375 0.7981481481481482 0.046875 0.044444444444444446
0 0.0517578125 0.21296296296296297 0.1015625 0.42592592592592593
