0 0.02734375 0.43703703703703706 0.0546875 0.044444444444444446
0 0.0458984375 0.39537037037037037 0.0546875 0.046296296296296294
0 0.15283203125 0.41388888888888886 0.0517578125 0.04259259259259259
0 0.14111328125 0.45555555555555555 0.0556640625 0.04814814814814815
0 0.25 0.4 0.056640625 0.040740740740740744
0 0.3974609375 0.4111111111111111 0.0625 0.07037037037037037
0 0.3623046875 0.4898148148148148 0.0546875 0.05740740740740741
0 0.94970703125 0.44537037037037036 0.0595703125 0.04259259259259259
0 0.2802734375 0.43796296296296294 0.05078125 0.04259259259259259
0 0.5009765625 0.29074074074074074 0.1171875 0.08148148148148149
0 0.4130859375 0.2712962962962963 0.021484375 0.03518518518518519
0 0.55078125 0.23425925925925925 0.03515625 0.03888888888888889
0 0.5869140625 0.35462962962962963 0.044921875 0.04259259259259259
0 0.52392578125 0.37407407407407406 0.0517578125 0.04814814814814815
0 0.02880859375 0.9546296296296296 0.0576171875 0.08333333333333333
0 0.39208984375 0.9305555555555556 0.0341796875 0.13148148148148148
0 0.45703125 0.9425925925925925 0.03515625 0.1111111111111111
0 0.1494140625 0.3416666666666667 0.052734375 0.046296296296296294
0 0.32373046875 0.36666666666666664 0.0498046875 0.044444444444444446
0 0.3349609375 0.3194444444444444 0.046875 0.03888888888888889
0 0.26708984375 0.3333333333333333 0.0419921875 0.040740740740740744
0 0.17529296875 0.29259259259259257 0.0419921875 0.040740740740740744
0 0.0234375 0.27037037037037037 0.037109375 0.037037037037037035
0 0.462890625 0.5509259259259259 0.06640625 0.06111111111111111
0 0.93359375 0.4685185185185185 0.0625 0.04814814814814815
0 0.46728515625 0.2111111111111111 0.0205078125 0.037037037037037035
