0 0.53857421875 0.008333333333333333 0.0107421875 0.016666666666666666
0 0.59130859375 0.9333333333333333 0.0361328125 0.1037037037037037
0 0.611328125 0.6898148148148148 0.02734375 0.07222222222222222
0 0.47021484375 0.2898148148148148 0.0185546875 0.03888888888888889
0 0.5703125 0.4305555555555556 0.01953125 0.046296296296296294
0 0.61767578125 0.42685185185185187 0.0224609375 0.053703703703703705
0 0.53466796875 0.15092592592592594 0.0126953125 0.024074074074074074
0 0.4794921875 0.08148148148148149 0.01171875 0.03333333333333333
0 0.5048828125 0.0712962962962963 0.013671875 0.024074074074074074
0 0.53564453125 0.12037037037037036 0.0146484375 0.025925925925925925
0 0.5068359375 0.04814814814814815 0.01171875 0.022222222222222223
0 0.52294921875 0.08518518518518518 0.0126953125 0.022222222222222223
0 0.53564453125 0.09351851851851851 0.0126953125 0.024074074074074074
0 0.6640625 0.07685185185185185 0.01953125 0.024074074074074074
0 0.6494140625 0.07314814814814814 0.01953125 0.024074074074074074
0 0.56201171875 0.1 0.0107421875 0.022222222222222223
2 0.48095703125 0.025 0.0146484375 0.03888888888888889
0 0.560546875 0.05462962962962963 0.009765625 0.016666666666666666
0 0.54638671875 0.05 0.0126953125 0.022222222222222223
0 0.56982421875 0.04537037037037037 0.0107421875 0.024074074074074074
0 0.55859375 0.021296296296296296 0.01171875 0.020370370370370372
