0 0.103515625 0.49722222222222223 0.05859375 0.05
0 0.1044921875 0.4462962962962963 0.05859375 0.044444444444444446
0 0.263671875 0.48333333333333334 0.056640625 0.04814814814814815
0 0.27978515625 0.5314814814814814 0.0634765625 0.04814814814814815
0 0.42431640625 0.47685185185185186 0.0595703125 0.05
0 0.5927734375 0.5018518518518519 0.064453125 0.07777777777777778
0 0.62646484375 0.6037037037037037 0.0673828125 0.05925925925925926
0 0.86376953125 0.45185185185185184 0.0654296875 0.05185185185185185
0 0.64404296875 0.4388888888888889 0.0537109375 0.044444444444444446
0 0.45361328125 0.5287037037037037 0.0537109375 0.05
0 0.50732421875 0.3296296296296296 0.1220703125 0.08148148148148149
0 0.4140625 0.29907407407407405 0.021484375 0.03518518518518519
0 0.5576171875 0.2675925925925926 0.03515625 0.03888888888888889
0 0.3232421875 0.3425925925925926 0.041015625 0.040740740740740744
0 0.27001953125 0.36944444444444446 0.0478515625 0.046296296296296294
0 0.03369140625 0.35555555555555557 0.0498046875 0.044444444444444446
0 0.1044921875 0.3175925925925926 0.046875 0.03888888888888889
0 0.02783203125 0.32685185185185184 0.0419921875 0.04259259259259259
0 0.92041015625 0.43425925925925923 0.0556640625 0.05
0 0.83935546875 0.6898148148148148 0.0830078125 0.07222222222222222
0 0.8427734375 0.47962962962962963 0.0625 0.044444444444444446
0 0.60400390625 0.4564814814814815 0.0517578125 0.05
0 0.4716796875 0.23703703703703705 0.021484375 0.044444444444444446
