0 0.0146484375 0.5018518518518519 0.029296875 0.05925925925925926
0 0.12255859375 0.5314814814814814 0.0615234375 0.05185185185185185
0 0.12451171875 0.4777777777777778 0.0595703125 0.044444444444444446
0 0.2998046875 0.5222222222222223 0.060546875 0.04814814814814815
0 0.32373046875 0.5796296296296296 0.0634765625 0.05925925925925926
0 0.47998046875 0.5222222222222223 0.0615234375 0.05555555555555555
0 0.6611328125 0.5481481481481482 0.0703125 0.08518518518518518
0 0.72021484375 0.6694444444444444 0.0693359375 0.06111111111111111
0 0.78759765625 0.4666666666666667 0.0654296875 0.05185185185185185
0 0.58203125 0.45555555555555555 0.052734375 0.04814814814814815
0 0.51318359375 0.5768518518518518 0.0556640625 0.05740740740740741
0 0.51025390625 0.35 0.1240234375 0.08888888888888889
0 0.41455078125 0.31851851851851853 0.0224609375 0.03333333333333333
0 0.56298828125 0.2861111111111111 0.0361328125 0.03888888888888889
0 0.26171875 0.35 0.041015625 0.040740740740740744
0 0.20654296875 0.38055555555555554 0.0478515625 0.046296296296296294
0 0.0458984375 0.3212962962962963 0.046875 0.03888888888888889
0 0.85498046875 0.4537037037037037 0.0556640625 0.04814814814814815
0 0.76953125 0.5 0.0625 0.044444444444444446
0 0.529296875 0.47685185185185186 0.05078125 0.053703703703703705
0 0.47412109375 0.25462962962962965 0.0224609375 0.046296296296296294
