0 0.10693359375 0.5064814814814815 0.0595703125 0.05
0 0.109375 0.4537037037037037 0.05859375 0.044444444444444446
0 0.27294921875 0.4925925925925926 0.0576171875 0.04814814814814815
0 0.29052734375 0.5435185185185185 0.0634765625 0.05
0 0.4384765625 0.4888888888888889 0.060546875 0.05185185185185185
0 0.60986328125 0.512962962962963 0.0654296875 0.07777777777777778
0 0.650390625 0.6185185185185185 0.068359375 0.05925925925925926
0 0.84130859375 0.45555555555555555 0.0654296875 0.05185185185185185
0 0.62646484375 0.4425925925925926 0.0537109375 0.044444444444444446
0 0.46826171875 0.5407407407407407 0.0537109375 0.05185185185185185
0 0.5078125 0.3351851851851852 0.123046875 0.08148148148148149
0 0.4130859375 0.30277777777777776 0.021484375 0.03518518518518519
0 0.5576171875 0.2712962962962963 0.03515625 0.03888888888888889
0 0.3056640625 0.34444444444444444 0.041015625 0.040740740740740744
0 0.25146484375 0.3731481481481482 0.0478515625 0.046296296296296294
0 0.0869140625 0.3194444444444444 0.046875 0.03888888888888889
0 0.90087890625 0.4388888888888889 0.0556640625 0.04814814814814815
0 0.875 0.7129629629629629 0.083984375 0.07407407407407407
0 0.822265625 0.48333333333333334 0.0625 0.044444444444444446
0 0.58251953125 0.46111111111111114 0.0517578125 0.05185185185185185
0 0.47216796875 0.24166666666666667 0.0224609375 0.046296296296296294
