0 0.671875 0.5111111111111111 0.02734375 0.05185185185185185
2 0.439453125 0.42777777777777776 0.021484375 0.06666666666666667
0 0.54638671875 0.01574074074074074 0.0107421875 0.024074074074074074
0 0.6650390625 0.9481481481481482 0.037109375 0.1
0 0.50830078125 0.014814814814814815 0.0126953125 0.025925925925925925
0 0.5927734375 0.48703703703703705 0.021484375 0.05555555555555555
0 0.63525390625 0.6055555555555555 0.0302734375 0.07777777777777778
0 0.544921875 0.06018518518518518 0.009765625 0.024074074074074074
0 0.5732421875 0.08888888888888889 0.01171875 0.022222222222222223
0 0.57177734375 0.03888888888888889 0.0126953125 0.022222222222222223
0 0.560546875 0.05462962962962963 0.013671875 0.024074074074074074
0 0.58740234375 0.06296296296296296 0.0126953125 0.02962962962962963
0 0.55859375 0.019444444444444445 0.013671875 0.020370370370370372
