0 0.66015625 0.4222222222222222 0.021484375 0.04814814814814815
0 0.5078125 0.7342592592592593 0.0234375 0.09444444444444444
0 0.5517578125 0.7824074074074074 0.033203125 0.10185185185185185
0 0.42724609375 0.687037037037037 0.0263671875 0.08518518518518518
0 0.47705078125 0.47314814814814815 0.0205078125 0.05740740740740741
0 0.462890625 0.3648148148148148 0.017578125 0.05185185185185185
0 0.515625 0.26851851851851855 0.01171875 0.037037037037037035
2 0.49267578125 0.1962962962962963 0.0146484375 0.037037037037037035
0 0.5498046875 0.06759259259259259 0.01171875 0.027777777777777776
0 0.525390625 0.037037037037037035 0.01171875 0.025925925925925925
0 0.64306640625 0.6055555555555555 0.0263671875 0.07037037037037037
0 0.5673828125 0.012962962962962963 0.009765625 0.018518518518518517
0 0.59716796875 0.06574074074074074 0.0087890625 0.024074074074074074
0 0.5927734375 0.021296296296296296 0.01171875 0.020370370370370372
0 0.5830078125 0.03796296296296296 0.01171875 0.020370370370370372
0 0.6025390625 0.15 0.015625 0.03333333333333333
