0 0.53857421875 0.009259259259259259 0.0107421875 0.018518518518518517
0 0.59130859375 0.9527777777777777 0.0361328125 0.08703703703703704
0 0.61181640625 0.7083333333333334 0.0283203125 0.07222222222222222
0 0.47265625 0.2657407407407407 0.017578125 0.03888888888888889
0 0.5703125 0.4361111111111111 0.01953125 0.04259259259259259
0 0.61865234375 0.4351851851851852 0.0224609375 0.05555555555555555
0 0.5341796875 0.14629629629629629 0.01171875 0.025925925925925925
0 0.4814453125 0.07037037037037037 0.01171875 0.03333333333333333
0 0.505859375 0.06018518518518518 0.013671875 0.024074074074074074
0 0.53564453125 0.11666666666666667 0.0146484375 0.025925925925925925
0 0.5078125 0.03888888888888889 0.01171875 0.022222222222222223
0 0.52294921875 0.08055555555555556 0.0126953125 0.024074074074074074
0 0.53564453125 0.08888888888888889 0.0126953125 0.022222222222222223
0 0.662109375 0.0712962962962963 0.01953125 0.024074074074074074
0 0.6484375 0.06944444444444445 0.01953125 0.024074074074074074
0 0.56201171875 0.1 0.0107421875 0.022222222222222223
2 0.48193359375 0.019444444444444445 0.0146484375 0.03888888888888889
0 0.560546875 0.05462962962962963 0.009765625 0.016666666666666666
0 0.54638671875 0.05185185185185185 0.0126953125 0.022222222222222223
0 0.57080078125 0.04722222222222222 0.0107421875 0.024074074074074074
0 0.55859375 0.021296296296296296 0.01171875 0.020370370370370372
