0 0.5908203125 0.8444444444444444 0.03515625 0.1037037037037037
0 0.60498046875 0.6138888888888889 0.0263671875 0.06111111111111111
0 0.45654296875 0.4305555555555556 0.0205078125 0.053703703703703705
0 0.57080078125 0.4083333333333333 0.0185546875 0.04259259259259259
0 0.6162109375 0.3925925925925926 0.021484375 0.04814814814814815
0 0.5341796875 0.1787037037037037 0.015625 0.024074074074074074
0 0.470703125 0.1425925925925926 0.01171875 0.03333333333333333
0 0.5009765625 0.12685185185185185 0.013671875 0.024074074074074074
0 0.53662109375 0.1425925925925926 0.0146484375 0.025925925925925925
0 0.501953125 0.09814814814814815 0.013671875 0.022222222222222223
0 0.52197265625 0.11203703703703703 0.0126953125 0.024074074074074074
0 0.53564453125 0.11388888888888889 0.0126953125 0.024074074074074074
0 0.6708984375 0.10185185185185185 0.021484375 0.022222222222222223
0 0.6552734375 0.09537037037037037 0.01953125 0.024074074074074074
0 0.55908203125 0.1 0.0107421875 0.022222222222222223
2 0.474609375 0.05648148148148148 0.013671875 0.04259259259259259
0 0.4951171875 0.028703703703703703 0.009765625 0.03148148148148148
0 0.55859375 0.05555555555555555 0.009765625 0.018518518518518517
0 0.54345703125 0.05 0.0126953125 0.022222222222222223
0 0.56494140625 0.03888888888888889 0.0107421875 0.022222222222222223
0 0.5546875 0.017592592592592594 0.01171875 0.020370370370370372
