0 0.541015625 0.021296296296296296 0.01171875 0.024074074074074074
0 0.623046875 0.8472222222222222 0.033203125 0.09814814814814815
0 0.4853515625 0.14537037037037037 0.015625 0.03148148148148148
0 0.5703125 0.4759259259259259 0.01953125 0.044444444444444446
0 0.61962890625 0.5092592592592593 0.0224609375 0.05925925925925926
0 0.53466796875 0.11388888888888889 0.0126953125 0.024074074074074074
0 0.53564453125 0.08518518518518518 0.0146484375 0.025925925925925925
0 0.52490234375 0.05 0.0126953125 0.022222222222222223
0 0.53662109375 0.06018518518518518 0.0146484375 0.020370370370370372
0 0.6552734375 0.03888888888888889 0.01953125 0.025925925925925925
0 0.6416015625 0.03611111111111111 0.01953125 0.024074074074074074
0 0.5634765625 0.09814814814814815 0.01171875 0.022222222222222223
0 0.5625 0.05185185185185185 0.009765625 0.018518518518518517
0 0.54931640625 0.05740740740740741 0.0126953125 0.022222222222222223
0 0.57470703125 0.05555555555555555 0.0126953125 0.025925925925925925
0 0.560546875 0.019444444444444445 0.01171875 0.020370370370370372
