0 0.65625 0.412962962962963 0.021484375 0.04814814814814815
0 0.43701171875 0.8638888888888889 0.0302734375 0.10925925925925926
0 0.419921875 0.6685185185185185 0.025390625 0.08888888888888889
0 0.49560546875 0.48703703703703705 0.0205078125 0.06666666666666667
2 0.47216796875 0.3435185185185185 0.0205078125 0.07222222222222222
0 0.54052734375 0.15648148148148147 0.0126953125 0.03148148148148148
0 0.51416015625 0.1 0.0146484375 0.02962962962962963
0 0.634765625 0.5574074074074075 0.0234375 0.06296296296296296
0 0.6884765625 0.9120370370370371 0.0390625 0.10925925925925926
0 0.564453125 0.01574074074074074 0.009765625 0.020370370370370372
0 0.5927734375 0.06851851851851852 0.009765625 0.025925925925925925
0 0.58935546875 0.023148148148148147 0.0126953125 0.024074074074074074
0 0.578125 0.03611111111111111 0.01171875 0.020370370370370372
0 0.6044921875 0.12129629629629629 0.015625 0.03518518518518519
