0 0.29052734375 0.5851851851851851 0.0576171875 0.07037037037037037
0 0.318359375 0.6787037037037037 0.064453125 0.08703703703703704
0 0.48046875 0.812037037037037 0.076171875 0.09074074074074075
0 0.5107421875 0.737037037037037 0.0703125 0.08148148148148149
0 0.85009765625 0.9518518518518518 0.0966796875 0.08888888888888889
0 0.09521484375 0.5907407407407408 0.0576171875 0.06296296296296296
0 0.59033203125 0.6083333333333333 0.0673828125 0.06851851851851852
0 0.412109375 0.4759259259259259 0.0625 0.05185185185185185
0 0.8828125 0.7037037037037037 0.080078125 0.08148148148148149
0 0.29296875 0.43425925925925923 0.052734375 0.053703703703703705
0 0.6162109375 0.475 0.15234375 0.1388888888888889
0 0.5439453125 0.41574074074074074 0.02734375 0.05
0 0.72216796875 0.41759259259259257 0.0478515625 0.06111111111111111
0 0.03955078125 0.4888888888888889 0.0517578125 0.06296296296296296
0 0.07470703125 0.2564814814814815 0.0361328125 0.04259259259259259
0 0.03173828125 0.2851851851851852 0.0439453125 0.040740740740740744
0 0.4384765625 0.6305555555555555 0.060546875 0.06851851851851852
0 0.162109375 0.5074074074074074 0.052734375 0.06296296296296296
0 0.12255859375 0.42407407407407405 0.0478515625 0.06296296296296296
0 0.052734375 0.42777777777777776 0.052734375 0.06296296296296296
0 0.50927734375 0.4898148148148148 0.0576171875 0.053703703703703705
0 0.36962890625 0.5037037037037037 0.0615234375 0.05185185185185185
0 0.18505859375 0.4027777777777778 0.0478515625 0.053703703703703705
0 0.6201171875 0.3537037037037037 0.029296875 0.05925925925925926
