1 0.546875 0.7916666666666666 0.0234375 0.13148148148148148
0 0.39501953125 0.6833333333333333 0.0146484375 0.04814814814814815
0 0.53564453125 0.5037037037037037 0.0126953125 0.037037037037037035
0 0.556640625 0.4777777777777778 0.013671875 0.040740740740740744
0 0.4833984375 0.6814814814814815 0.015625 0.04814814814814815
0 0.484375 0.5361111111111111 0.015625 0.03888888888888889
0 0.55322265625 0.387037037037037 0.0126953125 0.03333333333333333
0 0.53271484375 0.3138888888888889 0.0107421875 0.03518518518518519
0 0.55419921875 0.3296296296296296 0.0126953125 0.03333333333333333
0 0.513671875 0.975 0.015625 0.04259259259259259
