0 0.521484375 0.22592592592592592 0.013671875 0.025925925925925925
0 0.5341796875 0.19166666666666668 0.013671875 0.027777777777777776
0 0.5546875 0.2740740740740741 0.013671875 0.02962962962962963
0 0.39990234375 0.9518518518518518 0.0205078125 0.06666666666666667
0 0.57373046875 0.20833333333333334 0.0126953125 0.024074074074074074
0 0.48583984375 0.3453703703703704 0.0146484375 0.03888888888888889
0 0.546875 0.9462962962962963 0.025390625 0.1
0 0.3876953125 0.6 0.013671875 0.040740740740740744
0 0.52685546875 0.5879629629629629 0.0146484375 0.046296296296296294
0 0.54833984375 0.5064814814814815 0.0185546875 0.03888888888888889
0 0.48828125 0.41759259259259257 0.013671875 0.03518518518518519
0 0.54150390625 0.3638888888888889 0.0146484375 0.03148148148148148
0 0.525390625 0.32222222222222224 0.01171875 0.03333333333333333
0 0.541015625 0.32407407407407407 0.015625 0.03333333333333333
