0 0.51904296875 0.22592592592592592 0.0107421875 0.03333333333333333
0 0.529296875 0.2 0.013671875 0.025925925925925925
0 0.5576171875 0.28425925925925927 0.013671875 0.027777777777777776
0 0.57275390625 0.23055555555555557 0.0126953125 0.024074074074074074
0 0.48486328125 0.3990740740740741 0.0146484375 0.04259259259259259
0 0.544921875 0.9194444444444444 0.0234375 0.14629629629629629
0 0.38671875 0.6259259259259259 0.013671875 0.040740740740740744
0 0.52490234375 0.562037037037037 0.0146484375 0.046296296296296294
0 0.5458984375 0.4981481481481482 0.017578125 0.037037037037037035
0 0.48291015625 0.48055555555555557 0.0126953125 0.04259259259259259
0 0.53955078125 0.36944444444444446 0.0146484375 0.03148148148148148
0 0.525390625 0.31666666666666665 0.01171875 0.03333333333333333
0 0.541015625 0.32407407407407407 0.015625 0.03333333333333333
