0 0.521484375 0.22592592592592592 0.01171875 0.022222222222222223
0 0.529296875 0.19722222222222222 0.013671875 0.027777777777777776
0 0.5498046875 0.2222222222222222 0.013671875 0.02962962962962963
0 0.43115234375 0.7583333333333333 0.0146484375 0.05740740740740741
0 0.466796875 0.8842592592592593 0.015625 0.07592592592592592
0 0.435546875 0.5703703703703704 0.015625 0.04814814814814815
0 0.56787109375 0.16018518518518518 0.0126953125 0.027777777777777776
0 0.38623046875 0.48703703703703705 0.0146484375 0.03333333333333333
0 0.52734375 0.7407407407407407 0.015625 0.05555555555555555
0 0.55126953125 0.5370370370370371 0.0185546875 0.044444444444444446
0 0.49853515625 0.20925925925925926 0.0107421875 0.02962962962962963
0 0.54345703125 0.3277777777777778 0.0146484375 0.037037037037037035
0 0.529296875 0.3425925925925926 0.01171875 0.02962962962962963
0 0.5439453125 0.2796296296296296 0.015625 0.03333333333333333
