0 0.447265625 0.026851851851851852 0.021484375 0.053703703703703705
0 0.447265625 0.1935185185185185 0.0234375 0.09814814814814815
0 0.4833984375 0.21388888888888888 0.01953125 0.07222222222222222
0 0.51220703125 0.912962962962963 0.0205078125 0.08148148148148149
2 0.23193359375 0.65 0.0732421875 0.05555555555555555
0 0.580078125 0.9472222222222222 0.021484375 0.09814814814814815
1 0.37841796875 0.1287037037037037 0.0302734375 0.23148148148148148
0 0.4189453125 0.1287037037037037 0.0234375 0.09074074074074075
0 0.41796875 0.026851851851851852 0.0234375 0.053703703703703705
1 0.62255859375 0.8833333333333333 0.0439453125 0.22592592592592592
0 0.54150390625 0.9638888888888889 0.0224609375 0.06481481481481481
0 0.48095703125 0.07314814814814814 0.0205078125 0.07962962962962963
0 0.908203125 0.37222222222222223 0.052734375 0.044444444444444446
0 0.83154296875 0.3453703703703704 0.0517578125 0.046296296296296294
0 0.9130859375 0.3148148148148148 0.052734375 0.044444444444444446
0 0.97998046875 0.2898148148148148 0.0361328125 0.03888888888888889
