0 0.4482421875 0.041666666666666664 0.021484375 0.08333333333333333
0 0.4462890625 0.2490740740740741 0.0234375 0.09074074074074075
0 0.4833984375 0.28055555555555556 0.01953125 0.07222222222222222
0 0.515625 0.8629629629629629 0.021484375 0.08148148148148149
2 0.2529296875 0.6546296296296297 0.072265625 0.06111111111111111
0 0.583984375 0.9203703703703704 0.0234375 0.1
1 0.3779296875 0.16296296296296298 0.033203125 0.22962962962962963
0 0.4189453125 0.14722222222222223 0.0234375 0.09074074074074075
0 0.41796875 0.028703703703703703 0.0234375 0.05740740740740741
1 0.62744140625 0.85 0.0439453125 0.22962962962962963
0 0.54248046875 0.95 0.0263671875 0.09259259259259259
0 0.48095703125 0.1037037037037037 0.0205078125 0.08148148148148149
0 0.8798828125 0.37962962962962965 0.052734375 0.044444444444444446
0 0.83203125 0.3453703703703704 0.052734375 0.046296296296296294
0 0.9140625 0.3148148148148148 0.052734375 0.044444444444444446
0 0.97900390625 0.2861111111111111 0.0341796875 0.046296296296296294
