0 0.443359375 0.6259259259259259 0.0234375 0.08888888888888889
0 0.52734375 0.31296296296296294 0.0234375 0.07407407407407407
2 0.35791015625 0.8611111111111112 0.0341796875 0.1259259259259259
0 0.587890625 0.35833333333333334 0.0234375 0.09074074074074075
1 0.37158203125 0.5305555555555556 0.0380859375 0.2388888888888889
0 0.4150390625 0.562037037037037 0.0234375 0.09074074074074075
0 0.451171875 0.25277777777777777 0.0234375 0.09074074074074075
0 0.41162109375 0.30185185185185187 0.0224609375 0.08888888888888889
0 0.38427734375 0.2833333333333333 0.0205078125 0.07037037037037037
0 0.38134765625 0.1287037037037037 0.0205078125 0.09814814814814815
1 0.72265625 0.5462962962962963 0.107421875 0.16296296296296298
0 0.55322265625 0.4722222222222222 0.0224609375 0.08888888888888889
0 0.587890625 0.6462962962962963 0.0234375 0.0962962962962963
0 0.5537109375 0.6824074074074075 0.0234375 0.08703703703703704
0 0.58447265625 0.8833333333333333 0.0224609375 0.08888888888888889
0 0.41455078125 0.040740740740740744 0.0205078125 0.08148148148148149
0 0.634765625 0.7407407407407407 0.029296875 0.08518518518518518
0 0.62255859375 0.8703703703703703 0.0244140625 0.1
0 0.146484375 0.6462962962962963 0.052734375 0.040740740740740744
0 0.4853515625 0.14814814814814814 0.01953125 0.08148148148148149
0 0.5 0.2962962962962963 0.02734375 0.08148148148148149
0 0.5029296875 0.8148148148148148 0.0234375 0.0962962962962963
0 0.8017578125 0.4046296296296296 0.052734375 0.05
0 0.8330078125 0.34444444444444444 0.052734375 0.04814814814814815
0 0.91455078125 0.3148148148148148 0.0517578125 0.044444444444444446
0 0.9814453125 0.2851851851851852 0.033203125 0.040740740740740744
