0 0.43359375 0.8824074074074074 0.0234375 0.09074074074074075
0 0.52490234375 0.14444444444444443 0.0185546875 0.07407407407407407
2 0.3583984375 0.9583333333333334 0.02734375 0.07592592592592592
0 0.5849609375 0.16111111111111112 0.0234375 0.08148148148148149
1 0.365234375 0.6518518518518519 0.0390625 0.23703703703703705
0 0.41015625 0.7083333333333334 0.0234375 0.09814814814814815
0 0.451171875 0.425 0.0234375 0.09074074074074075
0 0.4111328125 0.44814814814814813 0.0234375 0.08888888888888889
0 0.3828125 0.40370370370370373 0.01953125 0.07777777777777778
0 0.38330078125 0.2361111111111111 0.0205078125 0.09814814814814815
1 0.78271484375 0.49537037037037035 0.1181640625 0.12037037037037036
0 0.5537109375 0.30925925925925923 0.0234375 0.08148148148148149
0 0.5908203125 0.44814814814814813 0.021484375 0.08888888888888889
0 0.5546875 0.5064814814814815 0.0234375 0.08333333333333333
0 0.587890625 0.725 0.0234375 0.07962962962962963
0 0.41552734375 0.12037037037037036 0.0205078125 0.08148148148148149
0 0.662109375 0.6444444444444445 0.033203125 0.08148148148148149
0 0.630859375 0.7870370370370371 0.0234375 0.1
0 0.1982421875 0.6351851851851852 0.052734375 0.044444444444444446
0 0.48974609375 0.19074074074074074 0.0205078125 0.08148148148148149
0 0.50341796875 0.31296296296296294 0.0283203125 0.08148148148148149
0 0.49755859375 0.7694444444444445 0.0283203125 0.09074074074074075
0 0.5078125 0.937962962962963 0.0234375 0.09814814814814815
0 0.8017578125 0.4064814814814815 0.052734375 0.046296296296296294
0 0.8330078125 0.34629629629629627 0.052734375 0.04814814814814815
0 0.9140625 0.31666666666666665 0.05078125 0.044444444444444446
0 0.98046875 0.28888888888888886 0.03515625 0.044444444444444446
