0 0.447265625 0.31296296296296294 0.0234375 0.08148148148148149
0 0.4287109375 0.6907407407407408 0.025390625 0.1037037037037037
0 0.4765625 0.6620370370370371 0.021484375 0.07222222222222222
0 0.52001953125 0.5509259259259259 0.0205078125 0.08333333333333333
2 0.33251953125 0.7296296296296296 0.0654296875 0.11481481481481481
0 0.587890625 0.6259259259259259 0.0234375 0.0962962962962963
1 0.375 0.3509259259259259 0.03515625 0.2351851851851852
0 0.416015625 0.3638888888888889 0.0234375 0.09074074074074075
0 0.4501953125 0.04814814814814815 0.0234375 0.08888888888888889
0 0.4140625 0.12222222222222222 0.021484375 0.08518518518518518
0 0.3828125 0.125 0.01953125 0.07962962962962963
1 0.6591796875 0.6537037037037037 0.080078125 0.2111111111111111
0 0.548828125 0.7092592592592593 0.0234375 0.1
0 0.58203125 0.899074074074074 0.0234375 0.09814814814814815
0 0.548828125 0.8944444444444445 0.0234375 0.1
0 0.6201171875 0.875 0.0234375 0.09074074074074075
0 0.03564453125 0.6611111111111111 0.0556640625 0.044444444444444446
0 0.482421875 0.04537037037037037 0.01953125 0.08333333333333333
0 0.4921875 0.26481481481481484 0.0234375 0.08148148148148149
0 0.50439453125 0.8962962962962963 0.0224609375 0.1
0 0.810546875 0.3990740740740741 0.052734375 0.05
0 0.833984375 0.3425925925925926 0.052734375 0.04814814814814815
0 0.916015625 0.3101851851851852 0.05078125 0.046296296296296294
0 0.982421875 0.28055555555555556 0.03125 0.03888888888888889
