0 0.4423828125 0.6814814814814815 0.0234375 0.08518518518518518
0 0.52734375 0.2712962962962963 0.021484375 0.07962962962962963
2 0.3583984375 0.8916666666666667 0.029296875 0.12777777777777777
0 0.5869140625 0.30925925925925923 0.0234375 0.08518518518518518
1 0.36865234375 0.5583333333333333 0.0380859375 0.2388888888888889
0 0.4140625 0.5953703703703703 0.0234375 0.09074074074074075
0 0.451171875 0.2898148148148148 0.0234375 0.09074074074074075
0 0.41162109375 0.3351851851851852 0.0224609375 0.08888888888888889
0 0.3828125 0.3111111111111111 0.01953125 0.07407407407407407
0 0.38134765625 0.15092592592592594 0.0205078125 0.09814814814814815
1 0.736328125 0.5287037037037037 0.11328125 0.14629629629629629
0 0.55322265625 0.43333333333333335 0.0224609375 0.08518518518518518
0 0.5888671875 0.6018518518518519 0.0234375 0.1
0 0.5546875 0.6435185185185185 0.0234375 0.08703703703703704
0 0.5849609375 0.8444444444444444 0.0234375 0.08148148148148149
0 0.41552734375 0.05555555555555555 0.0205078125 0.08148148148148149
0 0.64013671875 0.7185185185185186 0.0322265625 0.08518518518518518
0 0.62255859375 0.8490740740740741 0.0263671875 0.09074074074074075
0 0.16015625 0.6444444444444445 0.052734375 0.044444444444444446
0 0.486328125 0.16111111111111112 0.01953125 0.08148148148148149
0 0.5 0.30185185185185187 0.02734375 0.08148148148148149
0 0.50048828125 0.8018518518518518 0.0224609375 0.0962962962962963
0 0.50537109375 0.9611111111111111 0.0244140625 0.07037037037037037
0 0.8017578125 0.40555555555555556 0.052734375 0.04814814814814815
0 0.8330078125 0.34444444444444444 0.052734375 0.04814814814814815
0 0.91455078125 0.3148148148148148 0.0517578125 0.044444444444444446
0 0.98095703125 0.2861111111111111 0.0341796875 0.04259259259259259
