0 0.4482421875 0.12222222222222222 0.021484375 0.08148148148148149
0 0.43994140625 0.41203703703703703 0.0244140625 0.09444444444444444
0 0.4833984375 0.41388888888888886 0.01953125 0.07222222222222222
0 0.5185546875 0.7518518518518519 0.0234375 0.08888888888888889
2 0.29150390625 0.6777777777777778 0.0712890625 0.07407407407407407
0 0.5859375 0.8166666666666667 0.0234375 0.1
1 0.3779296875 0.24259259259259258 0.033203125 0.22962962962962963
0 0.41796875 0.2212962962962963 0.0234375 0.09074074074074075
0 0.4169921875 0.04259259259259259 0.0234375 0.08148148148148149
0 0.38330078125 0.024074074074074074 0.0205078125 0.04814814814814815
1 0.6357421875 0.7675925925925926 0.0546875 0.22037037037037038
0 0.5458984375 0.8740740740740741 0.0234375 0.1
0 0.61474609375 0.9712962962962963 0.0244140625 0.05
0 0.482421875 0.17962962962962964 0.01953125 0.08148148148148149
0 0.501953125 0.9629629629629629 0.0234375 0.06666666666666667
0 0.8388671875 0.39444444444444443 0.052734375 0.044444444444444446
0 0.8330078125 0.3453703703703704 0.052734375 0.046296296296296294
0 0.9130859375 0.31296296296296294 0.048828125 0.044444444444444446
0 0.98095703125 0.2824074074074074 0.0341796875 0.03888888888888889
