0 0.447265625 0.1648148148148148 0.0234375 0.0962962962962963
0 0.482421875 0.1824074074074074 0.01953125 0.07222222222222222
0 0.51123046875 0.937037037037037 0.0205078125 0.09259259259259259
2 0.220703125 0.6481481481481481 0.072265625 0.04814814814814815
0 0.580078125 0.9527777777777777 0.0234375 0.08703703703703704
1 0.37841796875 0.11481481481481481 0.0302734375 0.22962962962962963
0 0.4189453125 0.12314814814814815 0.0234375 0.09074074074074075
0 0.41748046875 0.023148148148148147 0.0224609375 0.046296296296296294
1 0.623046875 0.8944444444444445 0.04296875 0.2074074074074074
0 0.541015625 0.9694444444444444 0.025390625 0.05
0 0.48046875 0.062037037037037036 0.017578125 0.07592592592592592
0 0.9267578125 0.3648148148148148 0.052734375 0.044444444444444446
0 0.83154296875 0.3453703703703704 0.0517578125 0.046296296296296294
0 0.9130859375 0.31574074074074077 0.052734375 0.046296296296296294
0 0.97900390625 0.2861111111111111 0.0341796875 0.04259259259259259
