0 0.43115234375 0.9259259259259259 0.0224609375 0.0962962962962963
0 0.52490234375 0.11666666666666667 0.0185546875 0.07407407407407407
0 0.5849609375 0.12962962962962962 0.0234375 0.08148148148148149
1 0.36572265625 0.6703703703703704 0.0400390625 0.23703703703703705
0 0.41015625 0.737037037037037 0.0234375 0.1
0 0.451171875 0.4527777777777778 0.0234375 0.09074074074074075
0 0.4111328125 0.4722222222222222 0.0234375 0.08888888888888889
0 0.3828125 0.4203703703703704 0.01953125 0.07777777777777778
0 0.38427734375 0.25555555555555554 0.0205078125 0.1
1 0.79052734375 0.4888888888888889 0.1201171875 0.11851851851851852
0 0.5546875 0.2814814814814815 0.0234375 0.08148148148148149
0 0.591796875 0.4148148148148148 0.021484375 0.08518518518518518
0 0.5556640625 0.47685185185185186 0.0234375 0.08333333333333333
0 0.58837890625 0.6981481481481482 0.0205078125 0.08148148148148149
0 0.41650390625 0.13518518518518519 0.0205078125 0.08148148148148149
0 0.66796875 0.6277777777777778 0.033203125 0.08148148148148149
0 0.63330078125 0.7777777777777778 0.0283203125 0.1
0 0.205078125 0.6370370370370371 0.052734375 0.044444444444444446
0 0.48974609375 0.1962962962962963 0.0205078125 0.08148148148148149
0 0.50439453125 0.3148148148148148 0.0283203125 0.08148148148148149
0 0.49755859375 0.7657407407407407 0.0283203125 0.09074074074074075
0 0.5078125 0.9296296296296296 0.0234375 0.1
0 0.8017578125 0.4083333333333333 0.052734375 0.046296296296296294
0 0.8330078125 0.34814814814814815 0.052734375 0.04814814814814815
0 0.9140625 0.31666666666666665 0.05078125 0.044444444444444446
0 0.98046875 0.28888888888888886 0.03515625 0.044444444444444446
