0 0.4482421875 0.24074074074074073 0.021484375 0.08148148148148149
0 0.431640625 0.587037037037037 0.0234375 0.1
0 0.4794921875 0.5675925925925925 0.01953125 0.07222222222222222
0 0.5185546875 0.6175925925925926 0.01953125 0.08703703703703704
2 0.3203125 0.7092592592592593 0.0703125 0.1
0 0.587890625 0.6962962962962963 0.0234375 0.1
1 0.3759765625 0.3111111111111111 0.033203125 0.22962962962962963
0 0.4169921875 0.3101851851851852 0.0234375 0.09074074074074075
0 0.44970703125 0.025 0.0224609375 0.05
0 0.4150390625 0.08703703703703704 0.0234375 0.08148148148148149
0 0.3837890625 0.08055555555555556 0.017578125 0.07222222222222222
1 0.650390625 0.6888888888888889 0.0703125 0.2111111111111111
0 0.5478515625 0.7666666666666667 0.0234375 0.1
0 0.57958984375 0.9518518518518518 0.0224609375 0.09259259259259259
0 0.546875 0.9481481481481482 0.0234375 0.1
0 0.6181640625 0.9120370370370371 0.0234375 0.09074074074074075
0 0.4814453125 0.030555555555555555 0.017578125 0.06111111111111111
0 0.4892578125 0.24351851851851852 0.0234375 0.07962962962962963
0 0.5048828125 0.9222222222222223 0.0234375 0.1
0 0.8173828125 0.39814814814814814 0.052734375 0.044444444444444446
0 0.833984375 0.3435185185185185 0.052734375 0.046296296296296294
0 0.9150390625 0.3111111111111111 0.048828125 0.044444444444444446
0 0.98095703125 0.2814814814814815 0.0322265625 0.037037037037037035
