0 0.447265625 0.5296296296296297 0.0234375 0.08888888888888889
0 0.46484375 0.9361111111111111 0.0234375 0.07222222222222222
0 0.52734375 0.3888888888888889 0.0234375 0.08148148148148149
2 0.35302734375 0.8166666666666667 0.0439453125 0.12962962962962962
0 0.5888671875 0.4398148148148148 0.0234375 0.09074074074074075
1 0.37353515625 0.4787037037037037 0.0380859375 0.2388888888888889
0 0.416015625 0.5046296296296297 0.0234375 0.09074074074074075
0 0.451171875 0.18703703703703703 0.0234375 0.08148148148148149
0 0.4130859375 0.24259259259259258 0.021484375 0.08148148148148149
0 0.38525390625 0.2361111111111111 0.0205078125 0.07222222222222222
0 0.38134765625 0.08703703703703704 0.0205078125 0.1
1 0.701171875 0.5694444444444444 0.1015625 0.1648148148148148
0 0.552734375 0.5425925925925926 0.0234375 0.08888888888888889
0 0.5869140625 0.725925925925926 0.0234375 0.0962962962962963
0 0.55224609375 0.7509259259259259 0.0205078125 0.08333333333333333
0 0.5810546875 0.95 0.021484375 0.08888888888888889
0 0.63037109375 0.7805555555555556 0.0263671875 0.09074074074074075
0 0.62109375 0.9074074074074074 0.0234375 0.1
0 0.12060546875 0.6462962962962963 0.0556640625 0.044444444444444446
0 0.484375 0.11851851851851852 0.01953125 0.08148148148148149
0 0.4990234375 0.29074074074074074 0.02734375 0.08148148148148149
0 0.50390625 0.8351851851851851 0.0234375 0.09259259259259259
0 0.8037109375 0.4046296296296296 0.052734375 0.05
0 0.833984375 0.34444444444444444 0.052734375 0.04814814814814815
0 0.91552734375 0.31203703703703706 0.0517578125 0.046296296296296294
0 0.98193359375 0.2833333333333333 0.0322265625 0.040740740740740744
