0 0.4482421875 0.04537037037037037 0.021484375 0.08333333333333333
0 0.4462890625 0.2564814814814815 0.0234375 0.09074074074074075
0 0.484375 0.287962962962963 0.01953125 0.07222222222222222
0 0.5166015625 0.8574074074074074 0.0234375 0.08148148148148149
2 0.255859375 0.6555555555555556 0.072265625 0.06296296296296296
0 0.583984375 0.9166666666666666 0.0234375 0.1
1 0.3779296875 0.16666666666666666 0.033203125 0.22962962962962963
0 0.4189453125 0.15092592592592594 0.0234375 0.09074074074074075
0 0.41796875 0.02962962962962963 0.0234375 0.05925925925925926
1 0.62744140625 0.8425925925925926 0.0458984375 0.22962962962962963
0 0.54248046875 0.9481481481481482 0.0263671875 0.1
0 0.48095703125 0.10925925925925926 0.0205078125 0.08148148148148149
0 0.8779296875 0.3814814814814815 0.052734375 0.044444444444444446
0 0.83203125 0.3453703703703704 0.052734375 0.046296296296296294
0 0.9140625 0.3148148148148148 0.052734375 0.044444444444444446
0 0.97900390625 0.2861111111111111 0.0341796875 0.046296296296296294
