0 0.4482421875 0.14351851851851852 0.0234375 0.09444444444444444
0 0.4814453125 0.16018518518518518 0.01953125 0.07222222222222222
0 0.509765625 0.9490740740740741 0.0234375 0.08703703703703704
2 0.208984375 0.6444444444444445 0.072265625 0.04814814814814815
0 0.5791015625 0.9564814814814815 0.0234375 0.07962962962962963
1 0.37744140625 0.10462962962962963 0.0322265625 0.20925925925925926
0 0.41796875 0.11574074074074074 0.0234375 0.09074074074074075
1 0.623046875 0.8981481481481481 0.04296875 0.1962962962962963
0 0.48046875 0.05277777777777778 0.017578125 0.07592592592592592
0 0.943359375 0.3592592592592593 0.052734375 0.044444444444444446
0 0.83154296875 0.3453703703703704 0.0517578125 0.046296296296296294
0 0.9130859375 0.31574074074074077 0.052734375 0.046296296296296294
0 0.97900390625 0.2851851851851852 0.0341796875 0.040740740740740744
