0 0.447265625 0.1712962962962963 0.0234375 0.09444444444444444
0 0.482421875 0.18981481481481483 0.01953125 0.07222222222222222
0 0.51123046875 0.9268518518518518 0.0205078125 0.08333333333333333
2 0.2236328125 0.6472222222222223 0.072265625 0.046296296296296294
0 0.58056640625 0.95 0.0224609375 0.09259259259259259
1 0.37841796875 0.11851851851851852 0.0302734375 0.22962962962962963
0 0.4189453125 0.125 0.0234375 0.09074074074074075
0 0.41796875 0.024074074074074074 0.0234375 0.04814814814814815
1 0.6220703125 0.8888888888888888 0.044921875 0.21481481481481482
0 0.54150390625 0.9694444444444444 0.0244140625 0.05
0 0.47998046875 0.06481481481481481 0.0185546875 0.07777777777777778
0 0.9208984375 0.36666666666666664 0.052734375 0.044444444444444446
0 0.83154296875 0.3453703703703704 0.0517578125 0.046296296296296294
0 0.9130859375 0.3148148148148148 0.052734375 0.044444444444444446
0 0.97900390625 0.28703703703703703 0.0341796875 0.044444444444444446
