0 0.447265625 0.18055555555555555 0.0234375 0.09444444444444444
0 0.4833984375 0.19907407407407407 0.01953125 0.07222222222222222
0 0.51123046875 0.9212962962962963 0.0205078125 0.08333333333333333
2 0.2265625 0.6472222222222223 0.072265625 0.046296296296296294
0 0.58056640625 0.9490740740740741 0.0224609375 0.09444444444444444
1 0.37841796875 0.12407407407407407 0.0302734375 0.22962962962962963
0 0.4189453125 0.12685185185185185 0.0234375 0.09074074074074075
0 0.41796875 0.025 0.0234375 0.05
1 0.6220703125 0.8851851851851852 0.044921875 0.2222222222222222
0 0.54150390625 0.9675925925925926 0.0224609375 0.05740740740740741
0 0.48095703125 0.06944444444444445 0.0205078125 0.07962962962962963
0 0.9150390625 0.3685185185185185 0.052734375 0.044444444444444446
0 0.83154296875 0.3453703703703704 0.0517578125 0.046296296296296294
0 0.9130859375 0.3148148148148148 0.052734375 0.044444444444444446
0 0.9794921875 0.287962962962963 0.03515625 0.04259259259259259
