0 0.44921875 0.07777777777777778 0.021484375 0.08148148148148149
0 0.44287109375 0.32314814814814813 0.0224609375 0.09814814814814815
0 0.484375 0.3416666666666667 0.01953125 0.07222222222222222
0 0.5166015625 0.8148148148148148 0.0234375 0.08148148148148149
2 0.27099609375 0.6648148148148149 0.0712890625 0.07037037037037037
0 0.5849609375 0.8759259259259259 0.0234375 0.1
1 0.37890625 0.2 0.033203125 0.22962962962962963
0 0.4189453125 0.18055555555555555 0.0234375 0.09074074074074075
0 0.41796875 0.03333333333333333 0.0234375 0.06666666666666667
1 0.63037109375 0.8055555555555556 0.0498046875 0.21851851851851853
0 0.5439453125 0.9203703703703704 0.0234375 0.1
0 0.48046875 0.14074074074074075 0.01953125 0.08148148148148149
0 0.8583984375 0.387037037037037 0.052734375 0.044444444444444446
0 0.83251953125 0.3453703703703704 0.0517578125 0.046296296296296294
0 0.9130859375 0.31296296296296294 0.048828125 0.044444444444444446
0 0.97998046875 0.2833333333333333 0.0341796875 0.040740740740740744
