0 0.443359375 0.6481481481481481 0.0234375 0.08888888888888889
0 0.52685546875 0.29814814814814816 0.0224609375 0.07777777777777778
2 0.357421875 0.8712962962962963 0.03125 0.12777777777777777
0 0.587890625 0.3416666666666667 0.0234375 0.09074074074074075
1 0.37158203125 0.5416666666666666 0.0380859375 0.2388888888888889
0 0.4140625 0.5731481481481482 0.0234375 0.09074074074074075
0 0.451171875 0.2675925925925926 0.0234375 0.09074074074074075
0 0.41162109375 0.3148148148148148 0.0224609375 0.08888888888888889
0 0.3837890625 0.2916666666666667 0.01953125 0.07222222222222222
0 0.38134765625 0.13796296296296295 0.0205078125 0.09814814814814815
1 0.7265625 0.5407407407407407 0.107421875 0.16296296296296298
0 0.55322265625 0.45925925925925926 0.0224609375 0.08888888888888889
0 0.587890625 0.6296296296296297 0.0234375 0.0962962962962963
0 0.5546875 0.6675925925925926 0.0234375 0.08703703703703704
0 0.583984375 0.8675925925925926 0.0234375 0.08333333333333333
0 0.41552734375 0.044444444444444446 0.0205078125 0.08148148148148149
0 0.6376953125 0.7333333333333333 0.03125 0.08518518518518518
0 0.62255859375 0.8601851851851852 0.0263671875 0.09444444444444444
0 0.1513671875 0.6453703703703704 0.052734375 0.04259259259259259
0 0.486328125 0.1537037037037037 0.01953125 0.08148148148148149
0 0.5 0.3 0.02734375 0.08148148148148149
0 0.501953125 0.8083333333333333 0.0234375 0.09814814814814815
0 0.8017578125 0.4046296296296296 0.052734375 0.05
0 0.8330078125 0.34444444444444444 0.052734375 0.04814814814814815
0 0.91455078125 0.3148148148148148 0.0517578125 0.044444444444444446
0 0.9814453125 0.2851851851851852 0.033203125 0.040740740740740744
