0 0.4482421875 0.1361111111111111 0.0234375 0.09444444444444444
0 0.4814453125 0.15092592592592594 0.01953125 0.07222222222222222
0 0.509765625 0.9518518518518518 0.0234375 0.08888888888888889
2 0.201171875 0.6425925925925926 0.072265625 0.04814814814814815
0 0.5791015625 0.9564814814814815 0.0234375 0.07962962962962963
1 0.37841796875 0.10277777777777777 0.0322265625 0.20555555555555555
0 0.4189453125 0.11388888888888889 0.0234375 0.08333333333333333
1 0.623046875 0.9018518518518519 0.04296875 0.18888888888888888
0 0.48095703125 0.049074074074074076 0.0185546875 0.07962962962962963
0 0.9521484375 0.3537037037037037 0.052734375 0.044444444444444446
0 0.83154296875 0.3453703703703704 0.0517578125 0.046296296296296294
0 0.91357421875 0.3148148148148148 0.0517578125 0.04814814814814815
0 0.9794921875 0.2851851851851852 0.03515625 0.040740740740740744
